8
133
4516
7281
2751
2239
3878
2364
3216
7851
3775
5837
5431
4288
3330
102
8336
7120
6410
8246
2512
3419
3171
7138
9265
3397
5465
3130
10198
10140
11194
5369
1160
7423
8774
8863
526
11024
8194
5568
5831
2753
4545
4490
9298
4818
2416
4926
2729
8203
10753
10757
2243
8016
2441
3224
10862
8872
5496
11167
7633
8095
623
6064
7664
4483
10970
2242
9520
5531
7135
4466
2282
8381
1100
9808
9234
11173
775
4690
4743
5706
9917
301
10203
3288
78
9706
4055
6504
4499
2176
8894
8877
6992
8069
5570
7183
7533
4509
1057
10253
10756
5094
6661
4065
8974
8304
7100
9500
1956
5966
8628
3521
5229
956
1058
7857
9475
4755
1758
10193
3359
5521
5658
6589
9408
10525
10436
5284
708
1508
4663
11000
2666
115
4516
1032
3655
846
10340
6153
3487
259
420
6926
5755
11303
4501
8399
8401
5819
9855
1786
4581
10057
2144
6125
3611
7610
5953
10241
7392
9074
155
3924
9098
1018
3295
3625
9124
5515
378
3839
6126
430
7481
9578
4988
6899
2049
1658
1447
8451
3507
8427
7199
9720
2488
6566
4257
11213
7976
7225
8305
5878
5106
10466
676
427
3238
4005
5125
7895
4655
8519
3125
10683
5387
3456
1124
6993
2218
9967
7187
1920
1739
4687
2374
8788
4603
2187
7629
619
1132
3058
1158
9623
6293
3865
3566
3544
671
3609
5897
4472
343
10526
5260
10754
10681
7262
9467
11144
4527
3777
904
6862
2768
8751
8352
133
4516
9806
6583
10701
458
8617
989
2895
1545
11072
4675
6158
2420
6157
7425
3577
1996
5904
4864
8098
3820
4700
2225
10407
554
3282
6630
6699
4418
10017
7733
10951
3166
1059
8249
4683
2812
1767
3540
7571
5857
8378
10142
4691
10112
10678
11088
9459
6999
1418
3729
3404
10452
5505
8423
8846
6582
9617
10272
2003
4773
303
8338
7832
9303
6628
4223
1939
6912
7564
5024
2911
5751
2197
4331
6794
10145
2892
9712
7585
1877
5227
328
10320
810
803
3273
7325
1849
8076
6067
7598
7835
11013
7995
5717
3005
6564
8717
8293
7933
754
5363
5327
2716
3958
6861
1380
4570
2950
845
5403
3178
446
4185
4682
1031
6838
1113
4293
212
2490
93
5321
2344
1637
1764
10659
8296
6851
224
1426
9691
101
4516
4122
7281
2751
2239
7075
8109
9928
8778
4796
6850
8174
7381
71
4520
4443
6691
1704
9818
6252
1605
8002
6483
7734
1762
7167
186
5599
9395
7765
6445
1396
2879
133
8096
9537
6165
7085
2141
11273
2881
3074
2571
6650
10072
4072
4321
3565
638
7322
3647
8806
9851
7191
7948
1122
7317
8653
1186
4786
7230
8460
6418
344
9247
4539
7279
11215
3515
2829
7605
9641
8120
7875
6455
2317
7665
6065
7143
3759
2236
9191
5433
6109
6145
4634
8878
7469
8140
6238
8526
8038
6763
7455
882
9628
36
9474
932
4907
5607
66
4516
1032
3655
7680
397
4679
5610
6502
4318
8098
893
3458
5353
5330
366
3121
10611
8590
5368
10025
5446
8584
7505
2458
10888
6714
495
1503
4311
7849
2825
1670
5674
1374
5016
8300
2326
2668
8149
7452
6256
7906
8685
8881
6202
2698
915
449
2430
5241
11192
10035
6467
2107
5885
2861
3505
1386
11290
6302
4372
908
3649
19
5298
6491
121
4516
9806
6583
10701
458
10576
916
8593
4633
7782
11316
6665
2723
11107
10530
10154
2094
656
1126
4626
9102
6214
6938
3531
2289
8446
7046
3094
6410
7120
8336
9793
6648
4443
4520
6108
2935
6304
3385
9091
6821
4301
2493
1412
7392
8516
3464
2419
7661
4635
127
931
4731
8252
1312
4503
9716
3230
8455
8017
5986
538
3315
5594
10038
7421
4768
6944
5109
1415
8392
477
2254
1116
401
2922
4335
9106
9432
1850
1397
1654
1866
4712
4583
7380
9909
11264
4718
2531
1795
354
1772
7031
7565
1047
11176
1279
7959
3700
5201
5401
11046
3925
7560
3613
6213
9603
505
1958
4967
3949
1178
8602
7277
2006
260
3641
3345
868
4787
173
4516
1032
3655
846
10340
699
6782
259
3204
10104
678
3070
11053
4014
126
43
1907
6640
6204
4474
9551
1156
4518
10046
6632
6452
4145
6620
518
5953
3585
2870
3385
10166
3032
9283
6698
2057
2646
8237
8587
5196
1396
6445
7765
539
9225
173
3226
1243
8179
9349
3550
11309
5646
3320
7402
3948
7106
7971
3716
2388
3644
8686
4434
8367
2855
7724
1931
2266
7520
2469
4347
7855
10392
2658
5347
10658
8292
6475
6418
6146
4100
10977
101
7202
5759
6201
639
3346
9058
2924
988
7752
3124
6404
486
7938
6374
1889
9692
951
5936
9505
9144
8938
9739
2475
6844
4266
7617
7206
5206
7778
2058
8234
1896
4793
2561
5764
10265
4592
10581
7620
10844
10222
5391
11104
8100
8146
2629
10924
8837
985
11014
2442
7153
5136
1427
794
1143
3830
6562
11181
729
10703
3493
10217
2069
9762
3921
10139
10815
3867
9627
4897
6027
7527
4554
3325
772
7160
8542
5548
4580
7011
6310
2656
3390
7586
7788
4416
3140
57
4516
7281
2751
2239
7075
8109
9480
9224
2890
11103
3227
6926
420
259
6782
699
5019
9411
7189
5527
10407
4306
5807
1219
2260
3738
6307
1632
10921
8283
9535
6129
7588
7793
1080
9987
2180
10944
10664
10356
8558
1180
864
7850
10728
9322
4684
5210
7021
8823
1250
3213
7604
3598
6156
1331
9477
